image_width: 640
image_height: 480
camera_name: narrow_stereo
camera_matrix:
  rows: 3
  cols: 3
  data: [614.443408, 0.000000, 324.617150, 0.000000, 619.317104, 247.800083, 0.000000, 0.000000, 1.000000]
distortion_model: plumb_bob
distortion_coefficients:
  rows: 1
  cols: 5
  data: [0.110554, -0.182905, 0.005484, 0.004262, 0.000000]
rectification_matrix:
  rows: 3
  cols: 3
  data: [1.000000, 0.000000, 0.000000, 0.000000, 1.000000, 0.000000, 0.000000, 0.000000, 1.000000]
projection_matrix:
  rows: 3
  cols: 4
  data: [625.375854, 0.000000, 326.458320, 0.000000, 0.000000, 630.459167, 249.405376, 0.000000, 0.000000, 0.000000, 1.000000, 0.000000]
