# oST version 5.0 parameters


[image]

width
640

height
480

[narrow_stereo]

camera matrix
614.443408 0.000000 324.617150
0.000000 619.317104 247.800083
0.000000 0.000000 1.000000

distortion
0.110554 -0.182905 0.005484 0.004262 0.000000

rectification
1.000000 0.000000 0.000000
0.000000 1.000000 0.000000
0.000000 0.000000 1.000000

projection
625.375854 0.000000 326.458320 0.000000
0.000000 630.459167 249.405376 0.000000
0.000000 0.000000 1.000000 0.000000

